0.00000000000000000000000000000000000000000000000000000000000000000000000000000000 0.00010000000000000000479217360238592959831294137984514236450195312500000000000000 0.93309264447747342074990228866226971149444580078125000000000000000000000000000000 0.00010000000000000000479217360238592959831294137984514236450195312500000000000000 0.00010000000000000000479217360238592959831294137984514236450195312500000000000000 0.00010000000000000000479217360238592959831294137984514236450195312500000000000000 0.90848565845758666448261919867945834994316101074218750000000000000000000000000000 0.65225118024004913319657816828112117946147918701171875000000000000000000000000000 0.00010000000000000000479217360238592959831294137984514236450195312500000000000000 0.00010000000000000000479217360238592959831294137984514236450195312500000000000000 0.00010000000000000000479217360238592959831294137984514236450195312500000000000000 0.00010000000000000000479217360238592959831294137984514236450195312500000000000000 0.00010000000000000000479217360238592959831294137984514236450195312500000000000000 0.00010000000000000000479217360238592959831294137984514236450195312500000000000000 0.00010000000000000000479217360238592959831294137984514236450195312500000000000000 1.84625652456096189801826312759658321738243103027343750000000000000000000000000000 19.35875955021029781732977426145225763320922851562500000000000000000000000000000000 0.00010000000000000000479217360238592959831294137984514236450195312500000000000000 0.00010000000000000000479217360238592959831294137984514236450195312500000000000000 18.08011167585007683555886615067720413208007812500000000000000000000000000000000000 
0.00010000000000000000479217360238592959831294137984514236450195312500000000000000 0.00000000000000000000000000000000000000000000000000000000000000000000000000000000 0.00010000000000000000479217360238592959831294137984514236450195312500000000000000 0.00010000000000000000479217360238592959831294137984514236450195312500000000000000 4.30264001682138363946705794660374522209167480468750000000000000000000000000000000 10.25652071661157016535526054212823510169982910156250000000000000000000000000000000 0.00010000000000000000479217360238592959831294137984514236450195312500000000000000 3.53592416523649566428844082111027091741561889648437500000000000000000000000000000 5.02401334657244369452655519125983119010925292968750000000000000000000000000000000 0.00010000000000000000479217360238592959831294137984514236450195312500000000000000 0.00010000000000000000479217360238592959831294137984514236450195312500000000000000 23.01749368984562948980965302325785160064697265625000000000000000000000000000000000 2.09469528977670949032585667737293988466262817382812500000000000000000000000000000 0.00010000000000000000479217360238592959831294137984514236450195312500000000000000 0.00010000000000000000479217360238592959831294137984514236450195312500000000000000 2.48943502973085051266366463096346706151962280273437500000000000000000000000000000 0.00010000000000000000479217360238592959831294137984514236450195312500000000000000 5.71034220486472321454129996709525585174560546875000000000000000000000000000000000 0.00010000000000000000479217360238592959831294137984514236450195312500000000000000 0.00010000000000000000479217360238592959831294137984514236450195312500000000000000 
0.93309264447747342074990228866226971149444580078125000000000000000000000000000000 0.00010000000000000000479217360238592959831294137984514236450195312500000000000000 0.00000000000000000000000000000000000000000000000000000000000000000000000000000000 11.82218164247693970025920862099155783653259277343750000000000000000000000000000000 0.00010000000000000000479217360238592959831294137984514236450195312500000000000000 0.00010000000000000000479217360238592959831294137984514236450195312500000000000000 0.00010000000000000000479217360238592959831294137984514236450195312500000000000000 0.00010000000000000000479217360238592959831294137984514236450195312500000000000000 19.97396715219655050077562918886542320251464843750000000000000000000000000000000000 0.00010000000000000000479217360238592959831294137984514236450195312500000000000000 0.00010000000000000000479217360238592959831294137984514236450195312500000000000000 6.53940631274277794915406047948636114597320556640625000000000000000000000000000000 0.00010000000000000000479217360238592959831294137984514236450195312500000000000000 0.00010000000000000000479217360238592959831294137984514236450195312500000000000000 0.00010000000000000000479217360238592959831294137984514236450195312500000000000000 16.16314259942109288203937467187643051147460937500000000000000000000000000000000000 1.18730031713041928043139705550856888294219970703125000000000000000000000000000000 0.00010000000000000000479217360238592959831294137984514236450195312500000000000000 0.00010000000000000000479217360238592959831294137984514236450195312500000000000000 0.00010000000000000000479217360238592959831294137984514236450195312500000000000000 
0.00010000000000000000479217360238592959831294137984514236450195312500000000000000 0.00010000000000000000479217360238592959831294137984514236450195312500000000000000 11.82218164247693970025920862099155783653259277343750000000000000000000000000000000 0.00000000000000000000000000000000000000000000000000000000000000000000000000000000 0.00010000000000000000479217360238592959831294137984514236450195312500000000000000 0.00010000000000000000479217360238592959831294137984514236450195312500000000000000 14.72604357930650031960340129444375634193420410156250000000000000000000000000000000 3.52810194728617032566830857831519097089767456054687500000000000000000000000000000 0.00010000000000000000479217360238592959831294137984514236450195312500000000000000 0.00010000000000000000479217360238592959831294137984514236450195312500000000000000 0.00010000000000000000479217360238592959831294137984514236450195312500000000000000 0.00010000000000000000479217360238592959831294137984514236450195312500000000000000 0.00010000000000000000479217360238592959831294137984514236450195312500000000000000 0.00010000000000000000479217360238592959831294137984514236450195312500000000000000 0.00010000000000000000479217360238592959831294137984514236450195312500000000000000 0.79046079914726474768826847139280289411544799804687500000000000000000000000000000 0.00010000000000000000479217360238592959831294137984514236450195312500000000000000 0.00010000000000000000479217360238592959831294137984514236450195312500000000000000 4.07247054901872118648498144466429948806762695312500000000000000000000000000000000 1.31727997920193340419814376218710094690322875976562500000000000000000000000000000 
0.00010000000000000000479217360238592959831294137984514236450195312500000000000000 4.30264001682138363946705794660374522209167480468750000000000000000000000000000000 0.00010000000000000000479217360238592959831294137984514236450195312500000000000000 0.00010000000000000000479217360238592959831294137984514236450195312500000000000000 0.00000000000000000000000000000000000000000000000000000000000000000000000000000000 0.00010000000000000000479217360238592959831294137984514236450195312500000000000000 0.00010000000000000000479217360238592959831294137984514236450195312500000000000000 0.00010000000000000000479217360238592959831294137984514236450195312500000000000000 0.00010000000000000000479217360238592959831294137984514236450195312500000000000000 0.00010000000000000000479217360238592959831294137984514236450195312500000000000000 0.00010000000000000000479217360238592959831294137984514236450195312500000000000000 0.00010000000000000000479217360238592959831294137984514236450195312500000000000000 0.00010000000000000000479217360238592959831294137984514236450195312500000000000000 13.69896609584903757195206708274781703948974609375000000000000000000000000000000000 0.00010000000000000000479217360238592959831294137984514236450195312500000000000000 0.00010000000000000000479217360238592959831294137984514236450195312500000000000000 0.00010000000000000000479217360238592959831294137984514236450195312500000000000000 0.00010000000000000000479217360238592959831294137984514236450195312500000000000000 10.32048743311276162160083913477137684822082519531250000000000000000000000000000000 0.00010000000000000000479217360238592959831294137984514236450195312500000000000000 
0.00010000000000000000479217360238592959831294137984514236450195312500000000000000 10.25652071661157016535526054212823510169982910156250000000000000000000000000000000 0.00010000000000000000479217360238592959831294137984514236450195312500000000000000 0.00010000000000000000479217360238592959831294137984514236450195312500000000000000 0.00010000000000000000479217360238592959831294137984514236450195312500000000000000 0.00000000000000000000000000000000000000000000000000000000000000000000000000000000 0.00010000000000000000479217360238592959831294137984514236450195312500000000000000 0.00010000000000000000479217360238592959831294137984514236450195312500000000000000 13.52146788811076838499047880759462714195251464843750000000000000000000000000000000 0.00010000000000000000479217360238592959831294137984514236450195312500000000000000 0.00010000000000000000479217360238592959831294137984514236450195312500000000000000 10.63564926206469962721712363418191671371459960937500000000000000000000000000000000 0.00010000000000000000479217360238592959831294137984514236450195312500000000000000 0.00010000000000000000479217360238592959831294137984514236450195312500000000000000 0.00010000000000000000479217360238592959831294137984514236450195312500000000000000 0.00010000000000000000479217360238592959831294137984514236450195312500000000000000 0.00010000000000000000479217360238592959831294137984514236450195312500000000000000 0.00010000000000000000479217360238592959831294137984514236450195312500000000000000 0.00010000000000000000479217360238592959831294137984514236450195312500000000000000 0.00010000000000000000479217360238592959831294137984514236450195312500000000000000 
0.90848565845758666448261919867945834994316101074218750000000000000000000000000000 0.00010000000000000000479217360238592959831294137984514236450195312500000000000000 0.00010000000000000000479217360238592959831294137984514236450195312500000000000000 14.72604357930650031960340129444375634193420410156250000000000000000000000000000000 0.00010000000000000000479217360238592959831294137984514236450195312500000000000000 0.00010000000000000000479217360238592959831294137984514236450195312500000000000000 0.00000000000000000000000000000000000000000000000000000000000000000000000000000000 5.10405488412310948120875764288939535617828369140625000000000000000000000000000000 0.00010000000000000000479217360238592959831294137984514236450195312500000000000000 0.00010000000000000000479217360238592959831294137984514236450195312500000000000000 0.00010000000000000000479217360238592959831294137984514236450195312500000000000000 8.26718519324789724578295135870575904846191406250000000000000000000000000000000000 0.00010000000000000000479217360238592959831294137984514236450195312500000000000000 0.00010000000000000000479217360238592959831294137984514236450195312500000000000000 0.00010000000000000000479217360238592959831294137984514236450195312500000000000000 0.00010000000000000000479217360238592959831294137984514236450195312500000000000000 0.00010000000000000000479217360238592959831294137984514236450195312500000000000000 0.00010000000000000000479217360238592959831294137984514236450195312500000000000000 0.00010000000000000000479217360238592959831294137984514236450195312500000000000000 0.95254010374947828410086003714241087436676025390625000000000000000000000000000000 
0.65225118024004913319657816828112117946147918701171875000000000000000000000000000 3.53592416523649566428844082111027091741561889648437500000000000000000000000000000 0.00010000000000000000479217360238592959831294137984514236450195312500000000000000 3.52810194728617032566830857831519097089767456054687500000000000000000000000000000 0.00010000000000000000479217360238592959831294137984514236450195312500000000000000 0.00010000000000000000479217360238592959831294137984514236450195312500000000000000 5.10405488412310948120875764288939535617828369140625000000000000000000000000000000 0.00000000000000000000000000000000000000000000000000000000000000000000000000000000 0.00010000000000000000479217360238592959831294137984514236450195312500000000000000 0.00010000000000000000479217360238592959831294137984514236450195312500000000000000 0.00010000000000000000479217360238592959831294137984514236450195312500000000000000 0.44773523285056765486089602745778393000364303588867187500000000000000000000000000 0.00010000000000000000479217360238592959831294137984514236450195312500000000000000 0.00010000000000000000479217360238592959831294137984514236450195312500000000000000 0.00010000000000000000479217360238592959831294137984514236450195312500000000000000 4.33102554122328076147141473484225571155548095703125000000000000000000000000000000 0.00010000000000000000479217360238592959831294137984514236450195312500000000000000 0.99129487811395999852237537197652272880077362060546875000000000000000000000000000 0.00010000000000000000479217360238592959831294137984514236450195312500000000000000 1.02778308306456866993983112479327246546745300292968750000000000000000000000000000 
0.00010000000000000000479217360238592959831294137984514236450195312500000000000000 5.02401334657244369452655519125983119010925292968750000000000000000000000000000000 19.97396715219655050077562918886542320251464843750000000000000000000000000000000000 0.00010000000000000000479217360238592959831294137984514236450195312500000000000000 0.00010000000000000000479217360238592959831294137984514236450195312500000000000000 13.52146788811076838499047880759462714195251464843750000000000000000000000000000000 0.00010000000000000000479217360238592959831294137984514236450195312500000000000000 0.00010000000000000000479217360238592959831294137984514236450195312500000000000000 0.00000000000000000000000000000000000000000000000000000000000000000000000000000000 0.00010000000000000000479217360238592959831294137984514236450195312500000000000000 1.13133241032139642001652646285947412252426147460937500000000000000000000000000000 0.00010000000000000000479217360238592959831294137984514236450195312500000000000000 0.00010000000000000000479217360238592959831294137984514236450195312500000000000000 0.00010000000000000000479217360238592959831294137984514236450195312500000000000000 0.00010000000000000000479217360238592959831294137984514236450195312500000000000000 0.00010000000000000000479217360238592959831294137984514236450195312500000000000000 0.00010000000000000000479217360238592959831294137984514236450195312500000000000000 0.00010000000000000000479217360238592959831294137984514236450195312500000000000000 105.39455464217145674865605542436242103576660156250000000000000000000000000000000000 0.00010000000000000000479217360238592959831294137984514236450195312500000000000000 
0.00010000000000000000479217360238592959831294137984514236450195312500000000000000 0.00010000000000000000479217360238592959831294137984514236450195312500000000000000 0.00010000000000000000479217360238592959831294137984514236450195312500000000000000 0.00010000000000000000479217360238592959831294137984514236450195312500000000000000 0.00010000000000000000479217360238592959831294137984514236450195312500000000000000 0.00010000000000000000479217360238592959831294137984514236450195312500000000000000 0.00010000000000000000479217360238592959831294137984514236450195312500000000000000 0.00010000000000000000479217360238592959831294137984514236450195312500000000000000 0.00010000000000000000479217360238592959831294137984514236450195312500000000000000 0.00000000000000000000000000000000000000000000000000000000000000000000000000000000 2.66433334538299337879152517416514456272125244140625000000000000000000000000000000 0.00010000000000000000479217360238592959831294137984514236450195312500000000000000 28.94386565108044351291027851402759552001953125000000000000000000000000000000000000 1.66937321585624043329687538061989471316337585449218750000000000000000000000000000 0.00010000000000000000479217360238592959831294137984514236450195312500000000000000 0.00010000000000000000479217360238592959831294137984514236450195312500000000000000 24.85461749851331703098367142956703901290893554687500000000000000000000000000000000 0.00010000000000000000479217360238592959831294137984514236450195312500000000000000 0.00010000000000000000479217360238592959831294137984514236450195312500000000000000 27.37588847810880920974341279361397027969360351562500000000000000000000000000000000 
0.00010000000000000000479217360238592959831294137984514236450195312500000000000000 0.00010000000000000000479217360238592959831294137984514236450195312500000000000000 0.00010000000000000000479217360238592959831294137984514236450195312500000000000000 0.00010000000000000000479217360238592959831294137984514236450195312500000000000000 0.00010000000000000000479217360238592959831294137984514236450195312500000000000000 0.00010000000000000000479217360238592959831294137984514236450195312500000000000000 0.00010000000000000000479217360238592959831294137984514236450195312500000000000000 0.00010000000000000000479217360238592959831294137984514236450195312500000000000000 1.13133241032139642001652646285947412252426147460937500000000000000000000000000000 2.66433334538299337879152517416514456272125244140625000000000000000000000000000000 0.00000000000000000000000000000000000000000000000000000000000000000000000000000000 0.00010000000000000000479217360238592959831294137984514236450195312500000000000000 6.40563878285191456996017222991213202476501464843750000000000000000000000000000000 13.76900479288924827869777800515294075012207031250000000000000000000000000000000000 3.17427301931248528887863358249887824058532714843750000000000000000000000000000000 1.68508929127887796539653209038078784942626953125000000000000000000000000000000000 0.39951093572377399665285224727995228022336959838867187500000000000000000000000000 0.00010000000000000000479217360238592959831294137984514236450195312500000000000000 0.00010000000000000000479217360238592959831294137984514236450195312500000000000000 1.00707387755098998205482985213166102766990661621093750000000000000000000000000000 
0.00010000000000000000479217360238592959831294137984514236450195312500000000000000 23.01749368984562948980965302325785160064697265625000000000000000000000000000000000 6.53940631274277794915406047948636114597320556640625000000000000000000000000000000 0.00010000000000000000479217360238592959831294137984514236450195312500000000000000 0.00010000000000000000479217360238592959831294137984514236450195312500000000000000 10.63564926206469962721712363418191671371459960937500000000000000000000000000000000 8.26718519324789724578295135870575904846191406250000000000000000000000000000000000 0.44773523285056765486089602745778393000364303588867187500000000000000000000000000 0.00010000000000000000479217360238592959831294137984514236450195312500000000000000 0.00010000000000000000479217360238592959831294137984514236450195312500000000000000 0.00010000000000000000479217360238592959831294137984514236450195312500000000000000 0.00000000000000000000000000000000000000000000000000000000000000000000000000000000 1.08954541368924195943179711321135982871055603027343750000000000000000000000000000 0.00010000000000000000479217360238592959831294137984514236450195312500000000000000 0.00010000000000000000479217360238592959831294137984514236450195312500000000000000 0.00010000000000000000479217360238592959831294137984514236450195312500000000000000 0.62482001770235673365760931119439192116260528564453125000000000000000000000000000 0.00010000000000000000479217360238592959831294137984514236450195312500000000000000 0.00010000000000000000479217360238592959831294137984514236450195312500000000000000 0.00010000000000000000479217360238592959831294137984514236450195312500000000000000 
0.00010000000000000000479217360238592959831294137984514236450195312500000000000000 2.09469528977670949032585667737293988466262817382812500000000000000000000000000000 0.00010000000000000000479217360238592959831294137984514236450195312500000000000000 0.00010000000000000000479217360238592959831294137984514236450195312500000000000000 0.00010000000000000000479217360238592959831294137984514236450195312500000000000000 0.00010000000000000000479217360238592959831294137984514236450195312500000000000000 0.00010000000000000000479217360238592959831294137984514236450195312500000000000000 0.00010000000000000000479217360238592959831294137984514236450195312500000000000000 0.00010000000000000000479217360238592959831294137984514236450195312500000000000000 28.94386565108044351291027851402759552001953125000000000000000000000000000000000000 6.40563878285191456996017222991213202476501464843750000000000000000000000000000000 1.08954541368924195943179711321135982871055603027343750000000000000000000000000000 0.00000000000000000000000000000000000000000000000000000000000000000000000000000000 0.00010000000000000000479217360238592959831294137984514236450195312500000000000000 0.00010000000000000000479217360238592959831294137984514236450195312500000000000000 0.00010000000000000000479217360238592959831294137984514236450195312500000000000000 15.06757176587267643697032326599583029747009277343750000000000000000000000000000000 0.00010000000000000000479217360238592959831294137984514236450195312500000000000000 0.00010000000000000000479217360238592959831294137984514236450195312500000000000000 13.14615524072184982173894240986555814743041992187500000000000000000000000000000000 
0.00010000000000000000479217360238592959831294137984514236450195312500000000000000 0.00010000000000000000479217360238592959831294137984514236450195312500000000000000 0.00010000000000000000479217360238592959831294137984514236450195312500000000000000 0.00010000000000000000479217360238592959831294137984514236450195312500000000000000 13.69896609584903757195206708274781703948974609375000000000000000000000000000000000 0.00010000000000000000479217360238592959831294137984514236450195312500000000000000 0.00010000000000000000479217360238592959831294137984514236450195312500000000000000 0.00010000000000000000479217360238592959831294137984514236450195312500000000000000 0.00010000000000000000479217360238592959831294137984514236450195312500000000000000 1.66937321585624043329687538061989471316337585449218750000000000000000000000000000 13.76900479288924827869777800515294075012207031250000000000000000000000000000000000 0.00010000000000000000479217360238592959831294137984514236450195312500000000000000 0.00010000000000000000479217360238592959831294137984514236450195312500000000000000 0.00000000000000000000000000000000000000000000000000000000000000000000000000000000 0.00010000000000000000479217360238592959831294137984514236450195312500000000000000 6.68070959752584592195034929318353533744812011718750000000000000000000000000000000 0.00010000000000000000479217360238592959831294137984514236450195312500000000000000 0.00010000000000000000479217360238592959831294137984514236450195312500000000000000 0.00010000000000000000479217360238592959831294137984514236450195312500000000000000 1.05865932342100665941586612461833283305168151855468750000000000000000000000000000 
0.00010000000000000000479217360238592959831294137984514236450195312500000000000000 0.00010000000000000000479217360238592959831294137984514236450195312500000000000000 0.00010000000000000000479217360238592959831294137984514236450195312500000000000000 0.00010000000000000000479217360238592959831294137984514236450195312500000000000000 0.00010000000000000000479217360238592959831294137984514236450195312500000000000000 0.00010000000000000000479217360238592959831294137984514236450195312500000000000000 0.00010000000000000000479217360238592959831294137984514236450195312500000000000000 0.00010000000000000000479217360238592959831294137984514236450195312500000000000000 0.00010000000000000000479217360238592959831294137984514236450195312500000000000000 0.00010000000000000000479217360238592959831294137984514236450195312500000000000000 3.17427301931248528887863358249887824058532714843750000000000000000000000000000000 0.00010000000000000000479217360238592959831294137984514236450195312500000000000000 0.00010000000000000000479217360238592959831294137984514236450195312500000000000000 0.00010000000000000000479217360238592959831294137984514236450195312500000000000000 0.00000000000000000000000000000000000000000000000000000000000000000000000000000000 12.84842793983340492047773295780643820762634277343750000000000000000000000000000000 1.77132644147790307975753876235103234648704528808593750000000000000000000000000000 0.00010000000000000000479217360238592959831294137984514236450195312500000000000000 0.00010000000000000000479217360238592959831294137984514236450195312500000000000000 0.00010000000000000000479217360238592959831294137984514236450195312500000000000000 
1.84625652456096189801826312759658321738243103027343750000000000000000000000000000 2.48943502973085051266366463096346706151962280273437500000000000000000000000000000 16.16314259942109288203937467187643051147460937500000000000000000000000000000000000 0.79046079914726474768826847139280289411544799804687500000000000000000000000000000 0.00010000000000000000479217360238592959831294137984514236450195312500000000000000 0.00010000000000000000479217360238592959831294137984514236450195312500000000000000 0.00010000000000000000479217360238592959831294137984514236450195312500000000000000 4.33102554122328076147141473484225571155548095703125000000000000000000000000000000 0.00010000000000000000479217360238592959831294137984514236450195312500000000000000 0.00010000000000000000479217360238592959831294137984514236450195312500000000000000 1.68508929127887796539653209038078784942626953125000000000000000000000000000000000 0.00010000000000000000479217360238592959831294137984514236450195312500000000000000 0.00010000000000000000479217360238592959831294137984514236450195312500000000000000 6.68070959752584592195034929318353533744812011718750000000000000000000000000000000 12.84842793983340492047773295780643820762634277343750000000000000000000000000000000 0.00000000000000000000000000000000000000000000000000000000000000000000000000000000 4.74376509176772387377241102512925863265991210937500000000000000000000000000000000 0.00010000000000000000479217360238592959831294137984514236450195312500000000000000 1.50136070539954724623044057807419449090957641601562500000000000000000000000000000 0.00010000000000000000479217360238592959831294137984514236450195312500000000000000 
19.35875955021029781732977426145225763320922851562500000000000000000000000000000000 0.00010000000000000000479217360238592959831294137984514236450195312500000000000000 1.18730031713041928043139705550856888294219970703125000000000000000000000000000000 0.00010000000000000000479217360238592959831294137984514236450195312500000000000000 0.00010000000000000000479217360238592959831294137984514236450195312500000000000000 0.00010000000000000000479217360238592959831294137984514236450195312500000000000000 0.00010000000000000000479217360238592959831294137984514236450195312500000000000000 0.00010000000000000000479217360238592959831294137984514236450195312500000000000000 0.00010000000000000000479217360238592959831294137984514236450195312500000000000000 24.85461749851331703098367142956703901290893554687500000000000000000000000000000000 0.39951093572377399665285224727995228022336959838867187500000000000000000000000000 0.62482001770235673365760931119439192116260528564453125000000000000000000000000000 15.06757176587267643697032326599583029747009277343750000000000000000000000000000000 0.00010000000000000000479217360238592959831294137984514236450195312500000000000000 1.77132644147790307975753876235103234648704528808593750000000000000000000000000000 4.74376509176772387377241102512925863265991210937500000000000000000000000000000000 0.00000000000000000000000000000000000000000000000000000000000000000000000000000000 0.00010000000000000000479217360238592959831294137984514236450195312500000000000000 0.00010000000000000000479217360238592959831294137984514236450195312500000000000000 0.33328845401359330491430910115013830363750457763671875000000000000000000000000000 
0.00010000000000000000479217360238592959831294137984514236450195312500000000000000 5.71034220486472321454129996709525585174560546875000000000000000000000000000000000 0.00010000000000000000479217360238592959831294137984514236450195312500000000000000 0.00010000000000000000479217360238592959831294137984514236450195312500000000000000 0.00010000000000000000479217360238592959831294137984514236450195312500000000000000 0.00010000000000000000479217360238592959831294137984514236450195312500000000000000 0.00010000000000000000479217360238592959831294137984514236450195312500000000000000 0.99129487811395999852237537197652272880077362060546875000000000000000000000000000 0.00010000000000000000479217360238592959831294137984514236450195312500000000000000 0.00010000000000000000479217360238592959831294137984514236450195312500000000000000 0.00010000000000000000479217360238592959831294137984514236450195312500000000000000 0.00010000000000000000479217360238592959831294137984514236450195312500000000000000 0.00010000000000000000479217360238592959831294137984514236450195312500000000000000 0.00010000000000000000479217360238592959831294137984514236450195312500000000000000 0.00010000000000000000479217360238592959831294137984514236450195312500000000000000 0.00010000000000000000479217360238592959831294137984514236450195312500000000000000 0.00010000000000000000479217360238592959831294137984514236450195312500000000000000 0.00000000000000000000000000000000000000000000000000000000000000000000000000000000 0.00010000000000000000479217360238592959831294137984514236450195312500000000000000 0.00010000000000000000479217360238592959831294137984514236450195312500000000000000 
0.00010000000000000000479217360238592959831294137984514236450195312500000000000000 0.00010000000000000000479217360238592959831294137984514236450195312500000000000000 0.00010000000000000000479217360238592959831294137984514236450195312500000000000000 4.07247054901872118648498144466429948806762695312500000000000000000000000000000000 10.32048743311276162160083913477137684822082519531250000000000000000000000000000000 0.00010000000000000000479217360238592959831294137984514236450195312500000000000000 0.00010000000000000000479217360238592959831294137984514236450195312500000000000000 0.00010000000000000000479217360238592959831294137984514236450195312500000000000000 105.39455464217145674865605542436242103576660156250000000000000000000000000000000000 0.00010000000000000000479217360238592959831294137984514236450195312500000000000000 0.00010000000000000000479217360238592959831294137984514236450195312500000000000000 0.00010000000000000000479217360238592959831294137984514236450195312500000000000000 0.00010000000000000000479217360238592959831294137984514236450195312500000000000000 0.00010000000000000000479217360238592959831294137984514236450195312500000000000000 0.00010000000000000000479217360238592959831294137984514236450195312500000000000000 1.50136070539954724623044057807419449090957641601562500000000000000000000000000000 0.00010000000000000000479217360238592959831294137984514236450195312500000000000000 0.00010000000000000000479217360238592959831294137984514236450195312500000000000000 0.00000000000000000000000000000000000000000000000000000000000000000000000000000000 1.00000000000000000000000000000000000000000000000000000000000000000000000000000000 
18.08011167585007683555886615067720413208007812500000000000000000000000000000000000 0.00010000000000000000479217360238592959831294137984514236450195312500000000000000 0.00010000000000000000479217360238592959831294137984514236450195312500000000000000 1.31727997920193340419814376218710094690322875976562500000000000000000000000000000 0.00010000000000000000479217360238592959831294137984514236450195312500000000000000 0.00010000000000000000479217360238592959831294137984514236450195312500000000000000 0.95254010374947828410086003714241087436676025390625000000000000000000000000000000 1.02778308306456866993983112479327246546745300292968750000000000000000000000000000 0.00010000000000000000479217360238592959831294137984514236450195312500000000000000 27.37588847810880920974341279361397027969360351562500000000000000000000000000000000 1.00707387755098998205482985213166102766990661621093750000000000000000000000000000 0.00010000000000000000479217360238592959831294137984514236450195312500000000000000 13.14615524072184982173894240986555814743041992187500000000000000000000000000000000 1.05865932342100665941586612461833283305168151855468750000000000000000000000000000 0.00010000000000000000479217360238592959831294137984514236450195312500000000000000 0.00010000000000000000479217360238592959831294137984514236450195312500000000000000 0.33328845401359330491430910115013830363750457763671875000000000000000000000000000 0.00010000000000000000479217360238592959831294137984514236450195312500000000000000 1.00000000000000000000000000000000000000000000000000000000000000000000000000000000 0.00000000000000000000000000000000000000000000000000000000000000000000000000000000 
0.08312707053017673319850189272983698174357414245605468750000000000000000000000000 0.06363009083095598483748034368545631878077983856201171875000000000000000000000000 0.02999721575479271512554291234664560761302709579467773437500000000000000000000000 0.04550021587988199028851354910329973790794610977172851562500000000000000000000000 0.01845026490680847994219071495081152534112334251403808593750000000000000000000000 0.02250557857825947333241245473800518084317445755004882812500000000000000000000000 0.06347433450486834882742215313555789180099964141845703125000000000000000000000000 0.08965027459113961150194427318638190627098083496093750000000000000000000000000000 0.02239662985275782045024861588444764493033289909362792968750000000000000000000000 0.05050540103218830595421806606282189022749662399291992187500000000000000000000000 0.09150724509024582564720162736193742603063583374023437500000000000000000000000000 0.05487949060418121499660415452126471791416406631469726562500000000000000000000000 0.03684323085427904792554798518722236622124910354614257812500000000000000000000000 0.02804178788893686019578765922233287710696458816528320312500000000000000000000000 0.04119068851559377214543999912166327703744173049926757812500000000000000000000000 0.06143578279659273749802039787937246728688478469848632812500000000000000000000000 0.06627875540204096471708083981866366229951381683349609375000000000000000000000000 0.02721297054752787325515583916057948954403400421142578125000000000000000000000000 0.02550449312614243985164463879300456028431653976440429687500000000000000000000000 0.07786847871262954356996743854324449785053730010986328125000000000000000000000000 
